3246 3657 8074 8551 2365 7351 1442 7845 1786 3021 9796 9073 3102 3812 6464 9554 3955 3672 1962 4603
1829 9071 1585 7606 1609 1274 3379 5743 3669 7139 2311 9963 4365 8010 3422 1290 1767 9535 9031 6045
4185 4187 7048 1762 1368 6166 4108 1689 7273 3359 6247 7323 8536 8483 9253 7005 3823 9934 2459 3135
1632 8911 3961 1714 9718 4546 4876 4957 1737 3047 5933 4968 6795 4146 9120 4791 2040 9168 4567 5709
6583 6322 1651 6348 8082 4984 8782 6610 9323 3757 2636 2272 1197 5452 8007 3543 6355 9189 2778 2479
2416 1532 7042 4329 7660 2498 2524 1830 2880 2661 6396 4967 2707 5631 9028 2731 3267 2791 9493 8866
8386 8377 1047 3229 8413 8618 8377 7768 2420 1217 1851 2512 1683 9914 8655 9873 2465 7525 6679 8500
3558 8070 6054 5314 8434 1068 1325 7239 9335 4824 2729 7265 4022 1795 1933 6358 2024 1059 8046 1355
5873 1353 7600 1388 5049 5649 8799 3849 7600 7815 1626 5831 5819 8565 9497 6390 2354 5527 2744 9000
8531 1735 8390 3887 1524 4433 1114 6151 6427 5095 8007 3329 1110 3313 5884 4951 1981 7750 7103 4041
